▼本法人データはリストスが提供しています。
https://listoss.com/
▼1件10円！お問い合わせフォーム送信代行。
https://ftj-g.co.jp/form/
▼御社のテレアポ代行します。
https://ftj-g.co.jp/

会社名,郵便番号,都道府県,市区町村,住所,電話番号,FAX番号,出典URL,カテゴリ
横浜町物産館菜の花プラザ／レストラン鮮菜,039-4134,青森県,上北郡横浜町,字林ノ脇79-12,0175-76-1066,N.A.,http://www.nanohana-plaza.com/,おみやげ,
ニッコーテクノ株式会社むつ横浜ブランチ,039-4152,青森県,上北郡横浜町,字百目木93-14,0175-76-1500,03-3255-7933,http://www.nikko-techno.co.jp/,総合・職別工事業,
サンシャイン,039-4114,青森県,上北郡横浜町,字大豆田127,0175-78-2080,0175-78-6151,http://www.hotate.net/,道の駅,
十和田おいらせ農業協同組合／横浜町支店,039-4138,青森県,上北郡横浜町,字塚名平17-2,0175-78-2321,0176-24-1829,http://www.jatowada-o.or.jp/,組合・団体,
有限会社菅沼商店,039-4136,青森県,上北郡横浜町,字横浜61-1,0175-78-2510,0175-76-1012,http://www.suganuma.show-buy.jp/,コンビニ・スーパー・デパート,
みちのく銀行横浜支店,039-4136,青森県,上北郡横浜町,字横浜62-2,0175-78-2531,N.A.,http://www.michinokubank.co.jp/,金融・郵貯・貸金,
ローソン横浜町道の駅前店,039-4134,青森県,上北郡横浜町,字林ノ脇79-52,0175-78-2550,N.A.,http://www.lawson.co.jp/,コンビニ・スーパー・デパート,
有限会社すぎやま,039-4114,青森県,上北郡横浜町,字大豆田127,0175-78-2580,N.A.,http://www.hotate.net/,レストラン,
株式会社小川ボーリング建設工業,039-4152,青森県,上北郡横浜町,百目木92-3,0175-78-2622,0175-78-2572,http://www.ogawaboring.com/,エクステリア,
青森・下北ふるさとの会,039-4114,青森県,上北郡横浜町,字大豆田127,0175-78-2677,0175-78-6151,http://www.hotate.net/,食料品,
株式会社川崎技興,039-4136,青森県,上北郡横浜町,字横浜55,0175-78-2894,0175-78-2892,http://www.kawasakigikou.co.jp/,総合・職別工事業,
郵便局株式会社,039-4106,青森県,上北郡横浜町,有畑51,0175-78-2920,N.A.,http://map.japanpost.jp/,その他サービス,
澤谷養蜂園,039-4116,青森県,上北郡横浜町,字中畑40-6,0175-78-2995,N.A.,http://sawaya-yoho.jp/,食料品,
郵便局株式会社,039-4153,青森県,上北郡横浜町,吹越37-2,0175-78-3376,N.A.,http://map.japanpost.jp/,その他サービス,
なのはな苑,039-4141,青森県,上北郡横浜町,字三保野54,0175-78-3407,0175-78-6645,http://kiboukai.com/,介護・福祉,
日本ピュアフード株式会社,039-4101,青森県,上北郡横浜町,字林尻102-103,0175-78-3440,N.A.,http://www.purefood.co.jp/,食料品,
サークルKむつ横浜店,039-4142,青森県,上北郡横浜町,字上イタヤノ木100-78,0175-78-3800,N.A.,http://www.circleksunkus.jp/,コンビニ・スーパー・デパート,
ソノダビューティスタジオ横浜店,039-4136,青森県,上北郡横浜町,字横浜32,0175-78-3993,N.A.,https://g528815.bizloop.jp/?corp_id=g528815,美容院・理容店・毛髪業,
よこはま薬局,039-4145,青森県,上北郡横浜町,字寺下81-2,0175-78-6009,0175-78-6036,http://www.sawakami.jp/,薬,
横浜町物産館菜の花プラザ／事務室,039-4134,青森県,上北郡横浜町,字林ノ脇79-12,0175-78-6687,0175-76-1067,http://www.thr.mlit.go.jp/,おみやげ,
